% Date | Month | Succeptible | Active Cases | Recovered | Death
    1     3 25499839    13    15     1
    2     3 25499835    17    15     1
    3     3 25499823    17    21     1
    4     3 25499808    30    21     2
    5     3 25499800    36    22     2
    6     3 25499797    39    22     2
    7     3 25499785    49    22     3
    8     3 25499776    58    22     3
    9     3 25499766    68    22     3
   10     3 25499743    91    22     3
   11     3 25499729   101    24     3
   12     3 25499699   127    26     3
   13     3 25499656   170    26     3
   14     3 25499606   218    27     3
   15     3 25499552   268    27     5
   16     3 25499451   369    27     5
   17     3 25499397   423    27     5
   18     3 25499239   547    43     6
   19     3 25499075   703    46     7
   20     3 25498903   875    46     7
   21     3 25498759  1019    46     7
   22     3 25498180  1514    88     7
   23     3 25497872  1762   118     7
   24     3 25497441  2191   118     8
   25     3 25497079  2547   118    11
   26     3 25496651  2867   170    13
   27     3 25496323  3195   170    13
   28     3 25496065  3451   170    14
   29     3 25495460  3902   244    17
   30     3 25495161  4197   244    19
   31     3 25494756  4398   345    20
    1     4 25494468  4680   345    23
    2     4 25493960  4704   585    25
    3     4 25493817  4841   585    28
    4     4 25493719  4935   585    30
    5     4 25493017  4633  1080    37
    6     4 25491512  3418  2432    45
    7     4 25491300  3392  2547    49
    8     4 25490969  3189  2813    50
    9     4 25490694  3114  2987    51
   10     4 25490451  3043  3141    54
   11     4 25490260  2982  3265    56
   12     4 25490174  2916  3338    59
   13     4 25489970  2804  3494    61
   14     4 25489825  2741  3598    61
   15     4 25489688  2698  3686    63
   16     4 25489606  2658  3747    63
   17     4 25489465  2647  3821    65
   18     4 25489061  2349  4167    70
   19     4 25488971  2311  4230    71
   20     4 25488930  2296  4258    71
   21     4 25488483  1889  4685    71
   22     4 25488241  1655  4920    74
   23     4 25488097  1547  5045    75
   24     4 25487994  1460  5136    79
   25     4 25487737  1243  5372    80
   26     4 25487525  1073  5560    83
   27     4 25487495  1051  5586    83
   28     4 25487432  1024  5626    88
   29     4 25487382   990  5667    89
   30     4 25487323   947  5715    92
