% Date | Month | Succeptible | Active Cases | Recovered | Death
    1     3 11589620     1     1     0
    2     3 11589614     7     1     0
    3     3 11589607    14     1     0
    4     3 11589599    22     1     0
    5     3 11589572    49     1     0
    6     3 11589513   108     1     0
    7     3 11589453   168     1     0
    8     3 11589422   199     1     0
    9     3 11589383   238     1     0
   10     3 11589355   266     1     0
   11     3 11589305   310     1     3
   12     3 11589220   395     1     3
   13     3 11589060   555     1     3
   14     3 11588929   684     1     4
   15     3 11588732   881     1     4
   16     3 11588554  1047     1    10
   17     3 11588356  1219    14    10
   18     3 11588092  1441    31    14
   19     3 11587642  1609   165    21
   20     3 11587125  2016   204    37
   21     3 11586478  2485   263    67
   22     3 11585884  3063   263    75
   23     3 11585391  3254   401    88
   24     3 11584771  3686   461   122
   25     3 11583961  4212   547   178
   26     3 11582493  5340   675   220
   27     3 11581192  6137   858   289
   28     3 11579073  7718  1063   353
   29     3 11576997  9046  1359   431
   30     3 11575684  9859  1527   513
   31     3 11574447 10374  1696   705
    1     4 11572699 11004  2132   828
    2     4 11570769 11842  2495  1011
    3     4 11568838 12755  2872  1143
    4     4 11566662 13901  3247  1283
    5     4 11564734 14493  3751  1447
    6     4 11563191 15196  3986  1632
    7     4 11561237 16002  4157  2035
    8     4 11559299 16482  4681  2240
    9     4 11556953 17296  5164  2523
   10     4 11554369 18080  5568  3019
   11     4 11552273 18686  5986  3346
   12     4 11549913 19584  6463  3600
   13     4 11548424 19979  6707  3903
   14     4 11547479 20094  6868  4157
   15     4 11544503 22026  7107  4440
   16     4 11542395 22390  7562  4857
   17     4 11540361 23014  7961  5163
   18     4 11538639 23382  8348  5453
   19     4 11536687 24056  8757  5683
   20     4 11534917 25260  8895  5828
   21     4 11533667 25956  9002  5998
   22     4 11532039 26194  9433  6262
   23     4 11530536 26507  9800  6490
   24     4 11528529 27492 10122  6679
   25     4 11526964 27991 10417  6917
   26     4 11525610 28255 10785  7094
   27     4 11524851 28602 10878  7207
   28     4 11524015 29060 10943  7331
   29     4 11522980 29075 11283  7501
   30     4 11521934 29349 11576  7594
