% Date | Month | Succeptible | Active Cases | Recovered | Death
    1     3 212559415     2     0     0
    2     3 212559415     2     0     0
    3     3 212559415     2     0     0
    4     3 212559414     3     0     0
    5     3 212559409     8     0     0
    6     3 212559404    13     0     0
    7     3 212559398    19     0     0
    8     3 212559392    25     0     0
    9     3 212559392    25     0     0
   10     3 212559383    34     0     0
   11     3 212559365    52     0     0
   12     3 212559340    77     0     0
   13     3 212559265   150     1     0
   14     3 212559265   150     1     0
   15     3 212559215   198     2     0
   16     3 212559181   232     2     0
   17     3 212559068   343     2     1
   18     3 212558882   523     2     4
   19     3 212558768   631     2     7
   20     3 212558434   957     2    11
   21     3 212558219  1158     2    18
   22     3 212557844  1519     2    25
   23     3 212557457  1888     2    34
   24     3 212557122  2199     2    46
   25     3 212556802  2493     2    59
   26     3 212556349  2902     6    77
   27     3 212555902  3319     6    92
   28     3 212555393  3784     6   114
   29     3 212555019  4114     6   136
   30     3 212554504  4347   120   163
   31     3 212553372  5389   127   201
    1     4 212552168  6511   127   242
    2     4 212550922  7593   127   324
    3     4 212549733  8704   127   363
    4     4 212548485  9788   127   445
    5     4 212547550 10641   127   486
    6     4 212546543 11492   127   564
    7     4 212544570 13221   127   686
    8     4 212542282 15241   127   820
    9     4 212540145 17018   173   954
   10     4 212538387 18548   173  1068
   11     4 212537142 19649   173  1140
   12     4 212535829 20796   173  1223
   13     4 212534486 21929   173  1328
   14     4 212518597  9704 14026  1532
   15     4 212515024 12827 14026  1757
   16     4 212512761 14710 14026  1947
   17     4 212509568 17515 14026  2141
   18     4 212506308 20335 14026  2361
   19     4 212496171 14062 22130  2462
   20     4 212493957 16026 22130  2587
   21     4 212489272 16013 24325  2741
   22     4 212485436 17533 25318  2906
   23     4 212480039 19606 26573  3313
   24     4 212475097 21670 27655  3670
   25     4 212467016 25991 29160  4045
   26     4 212462135 28436 30152  4271
   27     4 212457231 30816 31142  4543
   28     4 212448911 35292 32544  5063
   29     4 212440413 39718 34132  5511
   30     4 212432201 43544 35935  5901
