% Date | Month | Succeptible | Active Cases | Recovered | Death
    1     3 37742126    20     4     0
    2     3 37742120    20     7     0
    3     3 37742117    23     7     0
    4     3 37742113    27     7     0
    5     3 37742109    29     8     0
    6     3 37742092    46     8     0
    7     3 37742086    52     8     0
    8     3 37742080    58     8     0
    9     3 37742068    68     8     1
   10     3 37742050    86     8     1
   11     3 37742034   100     9     1
   12     3 37742000   130    11     1
   13     3 37741944   186    11     1
   14     3 37741890   240    11     1
   15     3 37741801   329    11     1
   16     3 37741698   426    11     4
   17     3 37741536   578    12     8
   18     3 37741406   706    12     9
   19     3 37741258   850    11    12
   20     3 37741041  1061    14    12
   21     3 37740793  1295    14    19
   22     3 37740650  1436    14    20
   23     3 37739719  1747   320    24
   24     3 37739224  2654   112    26
   25     3 37738524  3188   185    36
   26     3 37737844  3776   228    39
   27     3 37736988  4348   354    55
   28     3 37736043  5199   396    60
   29     3 37735196  5682   573    65
   30     3 37733524  6266  1093    89
   31     3 37732199  7269  1242   101
    1     4 37730573  7881  1736   114
    2     4 37728719  9131  1979   173
    3     4 37727385  9981  2186   208
    4     4 37725416 11086  2595   231
    5     4 37723420 12290  2942   280
    6     4 37721548 12728  3616   323
    7     4 37719848 13488  4028   381
    8     4 37717741 14463  4548   427
    9     4 37715569 14945  5311   509
   10     4 37713424 15566  6013   569
   11     4 37711755 16237  6428   653
   12     4 37709882 16494  7172   717
   13     4 37707938 17144  7756   780
   14     4 37705953 17925  8235   903
   15     4 37703786 18390  8979  1010
   16     4 37701124 19182  9729  1195
   17     4 37698374 20074 10543  1310
   18     4 37696094 20706 11207  1470
   19     4 37693668 21626 11843  1587
   20     4 37691049 22553 12586  1690
   21     4 37688710 23400 13188  1834
   22     4 37686004 24230 13986  1974
   23     4 37683136 25202 14761  2147
   24     4 37680495 26117 15469  2302
   25     4 37677910 26464 16425  2465
   26     4 37675378 27014 17321  2560
   27     4 37672679 27525 18268  2707
   28     4 37670079 27977 19190  2859
   29     4 37667234 28274 20327  2996
   30     4 37664311 28629 21423  3184
