% Date | Month | Succeptible | Active Cases | Recovered | Death
    1     3 1439196340 32616 44498  2912
    2     3 1439193478 30004 47204  2943
    3     3 1439190659 27423 49866  2981
    4     3 1439188311 25353 52044  3012
    5     3 1439186456 23784 53726  3042
    6     3 1439184653 22179 55402  3070
    7     3 1439182919 20533 57065  3097
    8     3 1439181322 19016 58600  3119
    9     3 1439179989 17721 59897  3136
   10     3 1439178356 16136 61484  3158
   11     3 1439177021 14831 62793  3169
   12     3 1439175674 13524 64113  3176
   13     3 1439174216 12088 65547  3189
   14     3 1439172821 10733 66912  3199
   15     3 1439171949  9893 67754  3213
   16     3 1439170981  8967 68688  3226
   17     3 1439170044  8056 69601  3237
   18     3 1439169183  7263 70420  3245
   19     3 1439168411  6569 71150  3248
   20     3 1439167773  6013 71740  3255
   21     3 1439167021  5353 72440  3261
   22     3 1439166710  5120 72703  3270
   23     3 1439166169  4735 73159  3277
   24     3 1439165627  4287 73650  3281
   25     3 1439165153  3947 74051  3287
   26     3 1439164556  3460 74588  3292
   27     3 1439164116  3128 74971  3295
   28     3 1439163589  2691 75448  3300
   29     3 1439163589  2691 75448  3300
   30     3 1439162901  2161 76052  3305
   31     3 1439162672  2004 76238  3312
    1     4 1439162461  1863 76408  3318
    2     4 1439162263  1727 76571  3322
    3     4 1439162056  1558 76755  3326
    4     4 1439161814  1376 76964  3329
    5     4 1439161659  1299 77078  3331
    6     4 1439161538  1242 77167  3331
    7     4 1439161362  1190 77279  3333
    8     4 1439161206  1160 77370  3335
    9     4 1439161078  1116 77455  3336
   10     4 1439160959  1089 77525  3339
   11     4 1439160810  1138 77575  3339
   12     4 1439160612  1156 77663  3341
   13     4 1439160448  1170 77738  3341
   14     4 1439160323  1137 77816  3342
   15     4 1439160201  1107 77892  3342
   16     4 1439160123  1081 77944  3342
   17     4 1439158458    66 77994  4632
   18     4 1439159396  1058 77029  4632
   19     4 1439159347  1041 77062  4632
   20     4 1439159313  1031 77084  4632
   21     4 1439159263  1003 77123  4632
   22     4 1439159205  1005 77151  4632
   23     4 1439159139   959 77207  4632
   24     4 1439159083   915 77257  4632
   25     4 1439158982   838 77346  4632
   26     4 1439158923   801 77394  4632
   27     4 1439158839   723 77474  4633
   28     4 1439158752   648 77555  4633
   29     4 1439158707   647 77578  4633
   30     4 1439158671   619 77610  4633
