% Date | Month | Succeptible | Active Cases | Recovered | Death
    1     3 83783796   114    16     0
    2     3 83783761   149    16     0
    3     3 83783723   187    16     0
    4     3 83783664   246    16     0
    5     3 83783380   528    17     0
    6     3 83783254   652    18     0
    7     3 83783124   782    18     0
    8     3 83782884  1022    18     0
    9     3 83782698  1204    18     2
   10     3 83782357  1545    18     2
   11     3 83781948  1938    25     3
   12     3 83781166  2714    25     6
   13     3 83780213  3621    46     8
   14     3 83779288  4544    46     9
   15     3 83778070  5754    46    13
   16     3 83776586  7188    67    17
   17     3 83774482  9274    67    26
   18     3 83771482 12194   105    28
   19     3 83768463 15161   115    44
   20     3 83763846 19600   180    68
   21     3 83761285 22071   209    84
   22     3 83758709 24513   266    94
   23     3 83754310 28480   453   123
   24     3 83747502 29542  3290   159
   25     3 83742866 33570  3547   206
   26     3 83734064 37998  5673   267
   27     3 83726062 43862  6658   351
   28     3 83717333 48781  8481   433
   29     3 83711755 52683  9211   541
   30     3 83702912 52740 13500   645
   31     3 83695259 54933 16100   775
    1     4 83686330 58350 18700   931
    2     4 83675601 61247 22440  1107
    3     4 83666933 65309 24575  1275
    4     4 83660006 68248 26400  1444
    5     4 83653535 69839 28700  1584
    6     4 83650057 72865 28700  1810
    7     4 83638182 69566 36081  2016
    8     4 83621997 64647 46300  2349
    9     4 83610693 63221 52407  2607
   10     4 83605122 65522 53913  2736
   11     4 83598219 65181 57400  2871
   12     4 83592766 64532 60300  3022
   13     4 83586376 62578 64300  3194
   14     4 83580037 60515 68200  3495
   15     4 83572785 58349 72600  3804
   16     4 83565192 56646 77000  4052
   17     4 83555079 53931 83114  4352
   18     4 83550280 53786 85400  4538
   19     4 83545558 53100 88000  4642
   20     4 83540515 50703 91500  4862
   21     4 83535203 48167 95200  5086
   22     4 83528579 45933 99400  5315
   23     4 83521938 44254 103300  5575
   24     4 83516383 42439 106800  5760
   25     4 83511752 40836 109800  5877
   26     4 83508196 39794 112000  5976
   27     4 83504558 38132 114500  6126
   28     4 83500316 36198 117400  6314
   29     4 83495536 34672 120400  6467
   30     4 83490810 32886 123500  6623
