% Date | Month | Succeptible | Active Cases | Recovered | Death
    1     3 5792198     4     0     0
    2     3 5792198     4     0     0
    3     3 5792192    10     0     0
    4     3 5792188    14     0     0
    5     3 5792182    18     1     0
    6     3 5792180    20     1     0
    7     3 5792174    26     1     0
    8     3 5792166    34     1     0
    9     3 5792111    89     1     0
   10     3 5791939   261     1     0
   11     3 5791687   513     1     0
   12     3 5791527   673     1     0
   13     3 5791397   803     1     0
   14     3 5791364   834     1     1
   15     3 5791335   861     1     2
   16     3 5791283   909     1     4
   17     3 5791220   972     1     4
   18     3 5791140  1052     1     4
   19     3 5791044  1144     1     6
   20     3 5790937  1245     1     9
   21     3 5790862  1312     1    13
   22     3 5790793  1381     1    13
   23     3 5790717  1435     1    24
   24     3 5790578  1558     1    32
   25     3 5790443  1689     1    34
   26     3 5790283  1835     1    41
   27     3 5790103  1993     1    52
   28     3 5789935  2135     1    65
   29     3 5789734  2322     1    72
   30     3 5789547  2499     1    77
   31     3 5789251  2769     1    90
    1     4 5788097  2109   894   104
    2     4 5787604  2174  1089   123
    3     4 5787113  2425  1193   139
    4     4 5786681  2633  1283   161
    5     4 5786327  2863  1327   179
    6     4 5785956  3116  1378   187
    7     4 5785437  3377  1491   203
    8     4 5784961  3563  1621   218
    9     4 5784594  3662  1736   237
   10     4 5784363  3799  1773   247
   11     4 5783991  3781  1955   260
   12     4 5783632  3778  2123   273
   13     4 5783364  3798  2235   285
   14     4 5782877  3697  2515   299
   15     4 5782464  3624  2748   309
   16     4 5781979  3535  3023   321
   17     4 5781404  3348  3389   336
   18     4 5780767  3049  3847   346
   19     4 5780322  2888  4141   355
   20     4 5780011  2839  4312   364
   21     4 5779437  2625  4700   370
   22     4 5778819  2441  5087   384
   23     4 5778351  2295  5384   394
   24     4 5778063  2281  5526   403
   25     4 5777670  2358  5669   418
   26     4 5777400  2348  5805   422
   27     4 5777118  2312  5959   427
   28     4 5776796  2296  6121   434
   29     4 5776385  2199  6366   443
   30     4 5776046  2160  6546   452
