% Date | Month | Succeptible | Active Cases | Recovered | Death
    1     3 46754692    82     2     0
    2     3 46754656   118     2     0
    3     3 46754610   162     2     1
    4     3 46754546   224     2     2
    5     3 46754490   276     3     3
    6     3 46754363   387     6     8
    7     3 46754213   485    30    10
    8     3 46754055   625    32    17
    9     3 46753485  1169    32    30
   10     3 46752912  1524   135    36
   11     3 46752263  2039   183    55
   12     3 46751357  2871   189    86
   13     3 46749220  4906   193   133
   14     3 46747674  5678   517   196
   15     3 46745979  7177   517   294
   16     3 46743964  9070   530   342
   17     3 46741391 10265  1028   533
   18     3 46738290 13050  1081   638
   19     3 46734763 16139  1107   831
   20     3 46730526 18890  1588  1093
   21     3 46725776 21990  2125  1381
   22     3 46721663 24421  2575  1772
   23     3 46713976 29470  3355  2311
   24     3 46705935 35273  3794  2991
   25     3 46696249 40501  5367  3647
   26     3 46685612 46406  7015  4365
   27     3 46674564 51224  9357  5138
   28     3 46663276 54968 12285  5982
   29     3 46653156 58598 14709  6803
   30     3 46642326 63460 16780  7716
   31     3 46631132 68200 19259  8464
    1     4 46618626 72084 22647  9387
    2     4 46605622 74974 26743 10348
    3     4 46593868 77488 30513 11198
    4     4 46582444 80002 34219 11947
    5     4 46572411 80925 38080 12641
    6     4 46564325 82897 40437 13341
    7     4 46555583 84689 43208 14045
    8     4 46543745 85407 48021 14792
    9     4 46533944 85610 52165 15447
   10     4 46524756 86524 55668 16081
   11     4 46516036 87312 59109 16606
   12     4 46508347 87231 62391 17209
   13     4 46502196 87616 64727 17756
   14     4 46494959 88301 67504 18255
   15     4 46484454 90994 70853 18812
   16     4 46475903 91021 74797 19130
   17     4 46469664 96564 74797 19478
   18     4 46464328 98382 75991 20043
   19     4 46455768 98338 79883 20453
   20     4 46451822 97464 81894 20852
   21     4 46445380 98958 83938 21282
   22     4 46437440 99440 87232 21717
   23     4 46428836 100106 90761 22157
   24     4 46403361 88111 109129 22524
   25     4 46394555 87295 113562 22902
   26     4 46387232 85712 117727 23190
   27     4 46381003 85069 120832 23521
   28     4 46374925 84403 123903 23822
   29     4 46360675 79695 132929 24275
   30     4 46352612 77112 137984 24543
