% Date | Month | Succeptible | Active Cases | Recovered | Death
    1     3 65273367   116    12     2
    2     3 65273305   176    12     3
    3     3 65273283   196    12     4
    4     3 65273210   269    12     4
    5     3 65273069   404    12     7
    6     3 65272837   632    12     9
    7     3 65272534   921    12    16
    8     3 65272271  1178    12    19
    9     3 65272057  1370    12    30
   10     3 65271682  1739    12    33
   11     3 65271170  2221    12    48
   12     3 65270562  2803    12    61
   13     3 65269759  3570    12    79
   14     3 65268909  4396    12    91
   15     3 65267949  5284    12   127
   16     3 65266718  6473    12   148
   17     3 65265004  6953   602   175
   18     3 65263511  8268   602   264
   19     3 65260849  9328  1295   372
   20     3 65258862 10575  1587   450
   21     3 65256903 12310  1587   562
   22     3 65254619 13144  2200   674
   23     3 65250595 16796  2200   860
   24     3 65246826 17923  3281  1100
   25     3 65243047 20002  3900  1331
   26     3 65237712 22511  4948  1696
   27     3 65232852 25269  5700  1995
   28     3 65227922 29561  5700  2314
   29     3 65223529 30366  7202  2606
   30     3 65218010 33599  7927  3024
   31     3 65208416 39161  9444  3523
    1     4 65201555 42022 10935  4032
    2     4 65196591 41290 12428  5387
    3     4 65176536 55945 14008  6507
    4     4 65167494 60021 15438  7560
    5     4 65161531 63458 16183  8078
    6     4 65156898 64291 17250  8911
    7     4 65144666 69515 19337 10328
    8     4 65138327 70938 21254 10869
    9     4 65130399 72280 23206 12210
   10     4 65121455 75798 24932 13197
   11     4 65115110 77955 26391 13832
   12     4 65111299 79054 27186 14393
   13     4 65106528 81613 27718 14967
   14     4 65098724 85719 28805 15729
   15     4 65091745 85522 30955 17167
   16     4 65082007 90040 32812 17920
   17     4 65077294 90015 34420 18681
   18     4 65071423 91476 35983 19323
   19     4 65069371 91548 36578 19718
   20     4 65065559 92604 37409 20265
   21     4 65060003 93554 39181 20796
   22     4 65055570 93947 40657 21340
   23     4 65051384 94239 42088 21856
   24     4 65047945 94090 43493 22245
   25     4 65044815 94280 44594 22614
   26     4 65043652 94341 44903 22856
   27     4 65041432 94467 45513 23293
   28     4 65037054 95365 46886 23660
   29     4 65034776 94105 48228 24087
   30     4 65032481 93326 49476 24376
