% Date | Month | Succeptible | Active Cases | Recovered | Death
    1     3 273523615     0     0     0
    2     3 273523613     2     0     0
    3     3 273523613     2     0     0
    4     3 273523613     2     0     0
    5     3 273523613     2     0     0
    6     3 273523611     4     0     0
    7     3 273523611     4     0     0
    8     3 273523609     6     0     0
    9     3 273523596    19     0     0
   10     3 273523586    25     2     0
   11     3 273523578    31     2     1
   12     3 273523577    30     3     1
   13     3 273523537    60     5     4
   14     3 273523506    83     8     5
   15     3 273523485   104     8     5
   16     3 273523468   121     8     5
   17     3 273523427   156     9     7
   18     3 273523358   197    11    19
   19     3 273523266   269    15    25
   20     3 273523197   320    17    32
   21     3 273523107   392    20    38
   22     3 273523024   437    29    48
   23     3 273522957   500    30    49
   24     3 273522844   601    30    55
   25     3 273522736   701    31    58
   26     3 273522609   780    35    78
   27     3 273522436   913    46    87
   28     3 273522299   994    59   102
   29     3 273522152  1107    64   114
   30     3 273522004  1217    75   122
   31     3 273521870  1311    81   136
    1     4 273521678  1417   103   157
    2     4 273521543  1508   112   170
    3     4 273521314  1671   134   181
    4     4 273521182  1751   150   191
    5     4 273520980  1911   164   198
    6     4 273520723  2090   192   209
    7     4 273520452  2313   204   221
    8     4 273520197  2494   222   240
    9     4 273519790  2761   252   280
   10     4 273519515  2924   282   306
   11     4 273519160  3229   286   327
   12     4 273518642  3509   359   373
   13     4 273518279  3778   380   399
   14     4 273517891  3954   426   459
   15     4 273517564  4221   446   469
   16     4 273517055  4472   548   496
   17     4 273516565  4796   607   520
   18     4 273516201  5082   631   535
   19     4 273515772  5307   686   582
   20     4 273515518  5423   747   590
   21     4 273515022  5677   842   616
   22     4 273514649  5870   913   635
   23     4 273514233  6168   960   647
   24     4 273513713  6520  1002   689
   25     4 273513246  6845  1042   720
   26     4 273512883  7032  1107   743
   27     4 273512603  7180  1151   765
   28     4 273512077  7484  1254   773
   29     4 273511669  7596  1391   784
   30     4 273511183  7804  1522   792
