% Date | Month | Succeptible | Active Cases | Recovered | Death
    1     3 4937785     1     0     0
    2     3 4937785     1     0     0
    3     3 4937784     2     0     0
    4     3 4937780     6     0     0
    5     3 4937773    13     0     0
    6     3 4937768    18     0     0
    7     3 4937767    19     0     0
    8     3 4937765    21     0     0
    9     3 4937762    24     0     0
   10     3 4937752    34     0     0
   11     3 4937742    42     0     1
   12     3 4937715    69     0     1
   13     3 4937695    89     0     1
   14     3 4937655   127     0     2
   15     3 4937613   167     1     2
   16     3 4937556   216     5     2
   17     3 4937487   285     5     2
   18     3 4937413   359     5     2
   19     3 4937221   549     5     3
   20     3 4937095   675     5     3
   21     3 4936993   777     5     3
   22     3 4936871   897     5     4
   23     3 4936650  1114     5     6
   24     3 4936445  1317     5     7
   25     3 4936208  1550     5     9
   26     3 4935943  1795     5    19
   27     3 4935638  2094     5    22
   28     3 4935330  2374     5    36
   29     3 4935120  2564     5    46
   30     3 4934817  2851     5    54
   31     3 4934475  3159     5    71
    1     4 4934249  3357     5    85
    2     4 4933834  3746     5    98
    3     4 4933368  4128    25   120
    4     4 4933020  4442    25   137
    5     4 4932609  4811    25   158
    6     4 4932223  5165    25   174
    7     4 4931842  5474    25   210
    8     4 4931452  5814    25   235
    9     4 4930924  6286    25   263
   10     4 4929385  7777    25   287
   11     4 4928513  8583    25   320
   12     4 4927772  9296    25   334
   13     4 4926749 10257    25   365
   14     4 4925876 11048    25   406
   15     4 4924718 12026    77   444
   16     4 4923952 12708    77   486
   17     4 4923199 13373    77   530
   18     4 4922380 14110    77   571
   19     4 4921848 14564    77   610
   20     4 4921370 14888    77   687
   21     4 4911783  6077  9233   730
   22     4 4911113  6669  9233   769
   23     4 4910152  7580  9233   794
   24     4 4909355  7937  9233  1014
   25     4 4908929  8265  9233  1063
   26     4 4908204  8942  9233  1087
   27     4 4907803  9313  9233  1102
   28     4 4907517  9485  9233  1159
   29     4 4902957  5677 13386  1190
   30     4 4902556  5994 13386  1232
