% Date | Month | Succeptible | Active Cases | Recovered | Death
    1     3 1380004379     0     3     0
    2     3 1380004376     3     3     0
    3     3 1380004375     4     3     0
    4     3 1380004353    26     3     0
    5     3 1380004352    27     3     0
    6     3 1380004351    28     3     0
    7     3 1380004348    31     3     0
    8     3 1380004342    37     3     0
    9     3 1380004334    43     4     0
   10     3 1380004319    58     4     0
   11     3 1380004319    58     4     0
   12     3 1380004306    69     4     1
   13     3 1380004291    70    10     2
   14     3 1380004273    88    10     2
   15     3 1380004256    99    13     2
   16     3 1380004241   114    13     2
   17     3 1380004225   126    14     3
   18     3 1380004199   152    14     3
   19     3 1380004167   170    20     4
   20     3 1380004108   221    23     5
   21     3 1380004025   304    23     5
   22     3 1380003958   365    24     7
   23     3 1380003842   455    34    10
   24     3 1380003799   486    40    10
   25     3 1380003673   602    43    12
   26     3 1380003593   662    45    20
   27     3 1380003405   794    73    20
   28     3 1380003290   879    84    24
   29     3 1380003239   902    95    27
   30     3 1380003000  1117   102    32
   31     3 1380002830  1239   123    35
    1     4 1380002181  1792   148    58
    2     4 1380001579  2280   191    72
    3     4 1380001048  2781   192    86
    4     4 1380000469  3260   229    99
    5     4 1379999650  3843   328   118
    6     4 1379999096  4267   375   136
    7     4 1379998406  4723   468   160
    8     4 1379997785  5232   506   178
    9     4 1379996798  5863   635   227
   10     4 1379995762  6577   774   249
   11     4 1379994682  7189   969   288
   12     4 1379993769  7794  1080   331
   13     4 1379992393  8914  1181   358
   14     4 1379991146  9735  1359   393
   15     4 1379990085 10440  1508   422
   16     4 1379988739 11214  1768   448
   17     4 1379987506 11825  2041   486
   18     4 1379985036 13381  2463   521
   19     4 1379983357 14202  2854   559
   20     4 1379981981 14674  3273   592
   21     4 1379979685 15460  3975   645
   22     4 1379977964 16319  4370   681
   23     4 1379975613 17306  5012   721
   24     4 1379973662 18171  5496   780
   25     4 1379971338 19519  5939   825
   26     4 1379969091 20486  6523   881
   27     4 1379966858 21375  7137   939
   28     4 1379964306 22569  7747  1008
   29     4 1379961807 23546  8437  1079
   30     4 1379959300 24641  9068  1154
