% Date | Month | Succeptible | Active Cases | Recovered | Death
    1     3 83991742   749   175    54
    2     3 83991091  1144   291    66
    3     3 83990101  1824   435    77
    4     3 83989383  2278   552    92
    5     3 83988589  2666   739   108
    6     3 83987165  3710   913   124
    7     3 83985312  4009  1669   145
    8     3 83984055  4238  2134   194
    9     3 83983157  4530  2394   237
   10     3 83981885  5020  2731   291
   11     3 83980636  5687  2959   354
   12     3 83979169  6370  3276   429
   13     3 83977542  7321  3529   514
   14     3 83975270  7779  4339   611
   15     3 83973697  8624  4590   724
   16     3 83972109  9142  4996   853
   17     3 83970403  9792  5389   988
   18     3 83968743 10516  5710  1135
   19     3 83967279 11144  5979  1284
   20     3 83965127 11466  6745  1433
   21     3 83963148 11419  7635  1556
   22     3 83961713 12040  7913  1685
   23     3 83959712 12861  8376  1812
   24     3 83957291 13964  8913  1934
   25     3 83954230 15315  9625  2077
   26     3 83950852 16715 10457  2234
   27     3 83947106 18821 11133  2378
   28     3 83943345 21212 11679  2517
   29     3 83939609 23278 12391  2640
   30     3 83934786 24827 13911  2757
   31     3 83930790 27051 14656  2898
    1     4 83926847 29084 15473  3036
    2     4 83922610 30597 16711  3160
    3     4 83918537 31954 17935  3294
    4     4 83914018 32555 19736  3452
    5     4 83909109 32612 22011  3603
    6     4 83904474 32525 24236  3739
    7     4 83899449 31678 27039  3872
    8     4 83894558 30781 29812  3993
    9     4 83890310 29801 32309  4110
   10     4 83885060 28495 35465  4232
   11     4 83876616 23725 41947  4357
   12     4 83872895 23318 43894  4474
   13     4 83869078 22735 45983  4585
   14     4 83865260 22065 48129  4683
   15     4 83861850 21679 49933  4777
   16     4 83857856 20897 52229  4869
   17     4 83854433 20472 54064  4958
   18     4 83851063 19850 55987  5031
   19     4 83848597 20070 57023  5118
   20     4 83844962 19023 59273  5209
   21     4 83841885 18540 60965  5297
   22     4 83838449 17492 63113  5391
   23     4 83835599 16702 64843  5481
   24     4 83832582 16021 66599  5574
   25     4 83829778 15485 68193  5650
   26     4 83827101 15114 69657  5710
   27     4 83824738 14733 70933  5806
   28     4 83822049 14268 72439  5877
   29     4 83819544 13909 73791  5957
   30     4 83817178 13509 75103  6028
