% Date | Month | Succeptible | Active Cases | Recovered | Death
    1     3 60460001  1577    83    41
    2     3 60459589  1835   149    52
    3     3 60459085  2263   160    79
    4     3 60458354  2706   276   107
    5     3 60457406  3296   414   148
    6     3 60456470  3916   523   197
    7     3 60455121  5061   589   233
    8     3 60453463  6387   622   366
    9     3 60451467  7985   724   463
   10     3 60450042  8514  1004   631
   11     3 60447492 10590  1045   827
   12     3 60444439 12839  1258  1016
   13     3 60441461 14955  1439  1266
   14     3 60437262 17750  1966  1441
   15     3 60432935 20603  2335  1809
   16     3 60428939 23073  2749  2158
   17     3 60424876 26062  2941  2503
   18     3 60419110 28710  4025  2978
   19     3 60412946 33190  4440  3405
   20     3 60405644 37860  5129  4032
   21     3 60397351 42681  6072  4825
   22     3 60390188 46638  7024  5476
   23     3 60384390 50418  7432  6077
   24     3 60377504 54030  8326  6820
   25     3 60370575 57521  9362  7503
   26     3 60362661 62013 10361  8215
   27     3 60355244 66414 10950  9134
   28     3 60346947 70065 12384 10023
   29     3 60340328 73880 13030 10779
   30     3 60333876 75528 14620 11591
   31     3 60327877 77635 15729 12428
    1     4 60321250 80572 16847 13155
    2     4 60314391 83049 18278 13915
    3     4 60307560 85388 19758 14681
    4     4 60300836 88274 20996 15362
    5     4 60295176 91246 21815 15887
    6     4 60289919 93187 22837 16523
    7     4 60284721 94067 24392 17127
    8     4 60278244 95262 26491 17669
    9     4 60271451 96877 28470 18279
   10     4 60264945 98273 30455 18849
   11     4 60257553 100269 32534 19468
   12     4 60251353 102253 34211 19899
   13     4 60246410 103616 35435 20465
   14     4 60241141 104291 37130 21067
   15     4 60236934 105418 38092 21645
   16     4 60230551 106607 40164 22170
   17     4 60223920 106962 42727 22745
   18     4 60217747 107771 44927 23227
   19     4 60212139 108257 47055 23660
   20     4 60207607 108237 48877 24114
   21     4 60201621 107709 51600 24648
   22     4 60194871 107699 54543 25085
   23     4 60188728 106848 57576 25549
   24     4 60182365 106527 60498 25969
   25     4 60176971 105847 63120 26384
   26     4 60172579 106103 64928 26644
   27     4 60168811 105813 66624 26977
   28     4 60164021 105205 68941 27359
   29     4 60159301 104657 71252 27682
   30     4 60152451 101551 75945 27967
