% Date | Month | Succeptible | Active Cases | Recovered | Death
    1     3 126476157   208    42     6
    2     3 126476139   226    42     6
    3     3 126476119   244    43     6
    4     3 126476081   282    43     6
    5     3 126476048   315    43     6
    6     3 126475986   365    49     6
    7     3 126475918   379    76     6
    8     3 126475876   419    76     7
    9     3 126475838   437    84     9
   10     3 126475760   473   102    12
   11     3 126475689   506   118    15
   12     3 126475633   554   118    19
   13     3 126475588   595   118    21
   14     3 126475491   638   144    22
   15     3 126475460   665   144    24
   16     3 126475439   678   144    28
   17     3 126475410   705   144    29
   18     3 126475327   694   191    29
   19     3 126475294   719   191    33
   20     3 126475204   757   215    35
   21     3 126475156   803   215    36
   22     3 126475084   825   235    41
   23     3 126475056   851   235    42
   24     3 126474940   865   285    43
   25     3 126474799   952   310    45
   26     3 126474668   981   359    47
   27     3 126474541  1078   372    49
   28     3 126474312  1237   404    52
   29     3 126474117  1388   424    54
   30     3 126474028  1473   424    56
   31     3 126473802  1697   424    57
    1     4 126473548  1855   472    57
    2     4 126473309  2082   472    63
    3     4 126472943  2352   514    69
    4     4 126472731  2548   514    77
    5     4 126472147  2994   575    85
    6     4 126471871  3222   592    92
    7     4 126471489  3542   622    93
    8     4 126471068  3941   632    94
    9     4 126470330  4563   685    99
   10     4 126469672  5221   685    99
   11     4 126468843  5878   762   108
   12     4 126468184  6463   784   123
   13     4 126467901  6676   799   143
   14     4 126467577  6886   853   146
   15     4 126466756  7547   901   178
   16     4 126466105  8106   935   190
   17     4 126465549  8662   935   190
   18     4 126464874  9005  1069   222
   19     4 126464269  9402  1159   236
   20     4 126463824  9633  1239   263
   21     4 126463312  9875  1356   281
   22     4 126462788 10227  1424   299
   23     4 126462271 10546  1494   328
   24     4 126461874 10837  1530   345
   25     4 126461214 11215  1656   360
   26     4 126460831 11268  1809   372
   27     4 126460563 11330  1899   385
   28     4 126460432 11443  1899   394
   29     4 126459785 11114  2368   413
   30     4 126459483 11198  2460   430
