% Date | Month | Succeptible | Active Cases | Recovered | Death
    1     3 17134862    10     0     0
    2     3 17134854    18     0     0
    3     3 17134849    23     0     0
    4     3 17134834    38     0     0
    5     3 17134790    82     0     0
    6     3 17134743   127     0     1
    7     3 17134683   187     0     1
    8     3 17134604   262     0     3
    9     3 17134547   317     0     4
   10     3 17134486   378     0     4
   11     3 17134364   498     0     5
   12     3 17134251   607     2     5
   13     3 17134056   792     2    10
   14     3 17133899   945     2    12
   15     3 17133715  1113     2    20
   16     3 17133433  1387     2    24
   17     3 17133122  1660     2    43
   18     3 17132761  1991     2    58
   19     3 17132334  2382     2    76
   20     3 17131770  2886     2   106
   21     3 17131103  3493     2   136
   22     3 17130487  4023     2   179
   23     3 17129908  4534     2   213
   24     3 17129034  5282     2   276
   25     3 17128101  6053     3   356
   26     3 17127004  6994     3   434
   27     3 17125720  8054     3   546
   28     3 17124468  9120     3   639
   29     3 17122985  9845   250   771
   30     3 17122008 10636   250   864
   31     3 17120988 11306   250  1039
    1     4 17119835 12191   250  1173
    2     4 17118586 13108   250  1339
    3     4 17117412 13986   250  1487
    4     4 17116344 14726   250  1651
    5     4 17115005 15835   250  1766
    6     4 17113952 16686   250  1867
    7     4 17112941 17229   250  2101
    8     4 17111825 18051   250  2248
    9     4 17110464 19116   250  2396
   10     4 17109014 20336   250  2511
   11     4 17107566 21520   250  2643
   12     4 17106298 22600   250  2737
   13     4 17105248 23478   250  2823
   14     4 17104258 24224   250  2945
   15     4 17103335 24769   250  3134
   16     4 17102093 25649   250  3315
   17     4 17100714 26740   250  3459
   18     4 17099432 27738   250  3601
   19     4 17098283 28721   250  3684
   20     4 17097466 29404   250  3751
   21     4 17096572 29968   250  3916
   22     4 17095726 30538   250  4054
   23     4 17094716 31302   250  4177
   24     4 17093798 31996   250  4289
   25     4 17093023 32531   250  4409
   26     4 17092302 33120   250  4475
   27     4 17091859 33477   250  4518
   28     4 17091640 33600   250  4566
   29     4 17091109 33841   250  4711
   30     4 17090511 34271   250  4795
