% Date | Month | Succeptible | Active Cases | Recovered | Death
    1     3 5421222    19     0     0
    2     3 5421216    25     0     0
    3     3 5421208    33     0     0
    4     3 5421182    59     0     0
    5     3 5421147    94     0     0
    6     3 5421113   126     1     0
    7     3 5421085   156     0     0
    8     3 5421064   175     1     0
    9     3 5421013   226     1     0
   10     3 5420840   399     1     0
   11     3 5420611   628     1     0
   12     3 5420439   798     1     1
   13     3 5420243   994     1     1
   14     3 5420128  1105     1     3
   15     3 5419981  1252     1     3
   16     3 5419889  1344     1     3
   17     3 5419766  1467     1     3
   18     3 5419643  1584     1     6
   19     3 5419443  1782     1     7
   20     3 5419274  1951     1     7
   21     3 5419064  2151     6     7
   22     3 5418843  2372     6     7
   23     3 5418600  2609     6    10
   24     3 5418357  2848     6    12
   25     3 5418137  3064     6    14
   26     3 5417849  3352     6    14
   27     3 5417444  3745     7    19
   28     3 5417196  3985     7    23
   29     3 5416924  4251     7    26
   30     3 5416752  4401    12    32
   31     3 5416548  4589    13    39
    1     4 5416307  4820    13    44
    2     4 5416012  5065    32    50
    3     4 5415780  5279    32    59
    4     4 5415597  5456    32    62
    5     4 5415451  5584    32    71
    6     4 5415268  5757    32    76
    7     4 5415034  5965    32    89
    8     4 5415066  5909    32   101
    9     4 5414882  6079    32   108
   10     4 5414782  6169    32   113
   11     4 5414681  6258    32   119
   12     4 5414556  6365    32   128
   13     4 5414472  6437    32   134
   14     4 5414447  6452    32   139
   15     4 5414262  6615    32   150
   16     4 5414152  6721    32   152
   17     4 5414111  6744    32   161
   18     4 5414009  6840    32   164
   19     4 5413966  6881    32   165
   20     4 5413872  6943    32   181
   21     4 5413786  7027    32   182
   22     4 5413684  7119    32   187
   23     4 5413614  7175    32   194
   24     4 5413547  7232    32   199
   25     4 5413515  7260    32   201
   26     4 5413481  7294    32   201
   27     4 5413405  7362    32   205
   28     4 5413343  7422    32   206
   29     4 5413292  7471    32   207
   30     4 5413261  7496    32   210
