% Date | Month | Succeptible | Active Cases | Recovered | Death
    1     3 10196709     0     0     0
    2     3 10196707     2     0     0
    3     3 10196705     4     0     0
    4     3 10196703     6     0     0
    5     3 10196700     9     0     0
    6     3 10196696    13     0     0
    7     3 10196688    21     0     0
    8     3 10196679    30     0     0
    9     3 10196670    39     0     0
   10     3 10196668    41     0     0
   11     3 10196648    61     0     0
   12     3 10196630    77     1     0
   13     3 10196596   111     1     0
   14     3 10196538   167     2     0
   15     3 10196461   242     3     0
   16     3 10196374   327     3     1
   17     3 10196257   444     3     1
   18     3 10196061   636     4     2
   19     3 10195915   778     4     4
   20     3 10195678  1009     5     6
   21     3 10195412  1263     5    12
   22     3 10195090  1581     5    14
   23     3 10194612  2023    14    23
   24     3 10194292  2307    22    33
   25     3 10193649  2930    22    43
   26     3 10193062  3441    43    60
   27     3 10192322  4149    43    76
   28     3 10191396  5027    43   100
   29     3 10190585  5800    43   119
   30     3 10190118  6225    43   140
   31     3 10189063  7240    43   160
    1     4 10188228  8021    43   187
    2     4 10187398  8757    68   209
    3     4 10186509  9572    68   246
    4     4 10185844 10183    75   266
    5     4 10185061 10908    75   295
    6     4 10184528 11279   140   311
    7     4 10183738 11913   184   345
    8     4 10182992 12565   196   380
    9     4 10182139 13342   205   409
   10     4 10180569 14804   233   435
   11     4 10179986 15251   266   470
   12     4 10179343 15804   277   504
   13     4 10178963 16122   277   535
   14     4 10178347 16534   347   567
   15     4 10177636 17109   383   599
   16     4 10176746 17719   493   629
   17     4 10176511 17846   519   657
   18     4 10175727 18388   610   687
   19     4 10175179 18882   610   714
   20     4 10174501 19518   610   735
   21     4 10173651 19700   917   762
   22     4 10172799 20054  1143   785
   23     4 10172335 20332  1201   820
   24     4 10171830 20715  1228   854
   25     4 10171160 21235  1277   880
   26     4 10170613 21632  1329   903
   27     4 10170397 21742  1357   928
   28     4 10170050 21985  1389   948
   29     4 10169761 22062  1470   973
   30     4 10169156 22537  1519   989
