% Date | Month | Succeptible | Active Cases | Recovered | Death
    1     3 10099251    14     0     0
    2     3 10099250    15     0     0
    3     3 10099234    29     1     0
    4     3 10099212    51     1     0
    5     3 10099170    93     1     0
    6     3 10099127   136     1     0
    7     3 10099103   160     1     0
    8     3 10099061   202     1     0
    9     3 10099004   259     1     0
   10     3 10098909   354     1     0
   11     3 10098763   498     1     1
   12     3 10098576   685     1     1
   13     3 10098449   812     1     1
   14     3 10098301   958     1     2
   15     3 10098221  1036     1     3
   16     3 10098136  1113     1     7
   17     3 10098060  1187     1     8
   18     3 10097939  1276    15    10
   19     3 10097799  1412    16    11
   20     3 10097594  1607    16    16
   21     3 10097459  1734    16    20
   22     3 10097294  1897    16    21
   23     3 10097176  2003    16    27
   24     3 10096910  2243    16    40
   25     3 10096661  2448    16    62
   26     3 10096332  2747    16    77
   27     3 10096075  2948    16   105
   28     3 10095697  3326    16   105
   29     3 10095439  3574    16   110
   30     3 10095075  3866    16   146
   31     3 10094634  4239    16   180
    1     4 10093976  4605   103   239
    2     4 10093286  5157   103   308
    3     4 10092571  5568   205   358
    4     4 10092244  5865   205   373
    5     4 10091829  6224   205   401
    6     4 10091377  6524   205   477
    7     4 10090776  6897   205   591
    8     4 10089954  7527   205   687
    9     4 10089126  8143   205   793
   10     4 10088329  8434   381   870
   11     4 10087846  8883   381   887
   12     4 10087502  9203   381   899
   13     4 10087017  9648   381   919
   14     4 10086406 10031   381  1033
   15     4 10085754 10343   381  1203
   16     4 10084842 10657   550  1333
   17     4 10084099 11266   550  1400
   18     4 10083382 11761   550  1511
   19     4 10082790 12295   550  1540
   20     4 10082358 12647   550  1580
   21     4 10081628 13007   550  1765
   22     4 10080774 13517   550  1937
   23     4 10079939 14184   550  2021
   24     4 10078996 14865   550  2152
   25     4 10077891 14980  1005  2192
   26     4 10077426 15441  1005  2194
   27     4 10077060 15647  1005  2274
   28     4 10076284 16261  1005  2355
   29     4 10075496 16835  1005  2462
   30     4 10074582 17501  1005  2586
