% Date | Month | Succeptible | Active Cases | Recovered | Death
    1     3 51265398  3685    30    21
    2     3 51264792  4277    30    28
    3     3 51263933  5120    34    32
    4     3 51263441  5498    88    35
    5     3 51262724  6107   135    42
    6     3 51262414  6415   135    43
    7     3 51261978  6875   118    48
    8     3 51261656  7097   166    50
    9     3 51261407  7178   247    53
   10     3 51261324  7165   288    60
   11     3 51261037  7362   333    60
   12     3 51260740  7293   510    66
   13     3 51260425  7198   714    67
   14     3 51260193  7180   834    72
   15     3 51260114  7253   834    75
   16     3 51259737  7024  1137    75
   17     3 51259383  6838  1401    81
   18     3 51259148  6789  1540    84
   19     3 51258582  6527  1947    91
   20     3 51258206  6325  2233    94
   21     3 51257672  6085  2612   102
   22     3 51257275  5884  2909   104
   23     3 51256947  5684  3166   111
   24     3 51256521  5410  3507   120
   25     3 51256192  5281  3730   126
   26     3 51255669  4966  4144   131
   27     3 51255186  4665  4528   139
   28     3 51254752  4523  4811   144
   29     3 51254417  4398  5033   152
   30     3 51254138  4275  5228   158
   31     3 51253829  4216  5408   162
    1     4 51253566  4155  5567   165
    2     4 51253212  3979  5828   169
    3     4 51252928  3867  6021   174
    4     4 51252527  3654  6325   177
    5     4 51252302  3591  6463   183
    6     4 51252117  3500  6598   186
    7     4 51251968  3445  6694   192
    8     4 51251825  3408  6776   200
    9     4 51251585  3246  6973   204
   10     4 51251410  3125  7117   208
   11     4 51251251  3026  7243   211
   12     4 51251091  2930  7368   214
   13     4 51250984  2873  7447   217
   14     4 51250865  2808  7534   222
   15     4 51250753  2750  7616   225
   16     4 51250586  2627  7757   229
   17     4 51250491  2576  7829   230
   18     4 51250363  2484  7937   232
   19     4 51250248  2385  8042   234
   20     4 51250161  2324  8114   236
   21     4 51250052  2233  8213   237
   22     4 51249976  2179  8277   238
   23     4 51249832  2051  8411   240
   24     4 51249736  1967  8501   240
   25     4 51249592  1843  8635   240
   26     4 51249498  1769  8717   242
   27     4 51249440  1731  8764   243
   28     4 51249335  1654  8854   244
   29     4 51249256  1593  8922   246
   30     4 51249114  1459  9059   247
