% Date | Month | Succeptible | Active Cases | Recovered | Death
    1     3 84339067     0     0     0
    2     3 84339067     0     0     0
    3     3 84339067     0     0     0
    4     3 84339067     0     0     0
    5     3 84339067     0     0     0
    6     3 84339067     0     0     0
    7     3 84339067     0     0     0
    8     3 84339067     0     0     0
    9     3 84339067     0     0     0
   10     3 84339066     1     0     0
   11     3 84339066     1     0     0
   12     3 84339066     1     0     0
   13     3 84339062     5     0     0
   14     3 84339061     6     0     0
   15     3 84339049    18     0     0
   16     3 84339020    47     0     0
   17     3 84338968    97     0     1
   18     3 84338874   189     0     2
   19     3 84338704   355     0     4
   20     3 84338388   661     0     9
   21     3 84338099   926     0    21
   22     3 84337801  1206     0    30
   23     3 84337501  1492     0    37
   24     3 84337151  1828     0    44
   25     3 84336549  2348    26    59
   26     3 84335337  3528    26    75
   27     3 84333235  5564    42    92
   28     3 84331487  7224    70   108
   29     3 84329614  8981   105   131
   30     3 84327910 10497   162   168
   31     3 84325079 13074   243   214
    1     4 84322778 15069   333   277
    2     4 84320161 17364   415   356
    3     4 84317237 20012   484   425
    4     4 84313846 22647   786   501
    5     4 84310382 25453  1042   574
    6     4 84306875 28242  1326   649
    7     4 84302651 31802  1582   725
    8     4 84298183 35568  1846   812
    9     4 84293735 39232  2142   908
   10     4 84288609 43600  2423  1006
   11     4 84282834 48101  2965  1101
   12     4 84277467 52312  3446  1198
   13     4 84272765 55796  3957  1296
   14     4 84267754 58909  4799  1403
   15     4 84262483 62200  5674  1518
   16     4 84256142 65461  7089  1643
   17     4 84250121 68146  8631  1769
   18     4 84244395 69986 10453  1890
   19     4 84238768 72313 11976  2017
   20     4 84232517 75410 13430  2140
   21     4 84226299 78414 14918  2259
   22     4 84221540 79821 16477  2376
   23     4 84216295 80808 18491  2491
   24     4 84209818 80575 21737  2600
   25     4 84203006 79485 25582  2706
   26     4 84196992 78185 29140  2805
   27     4 84190115 75570 33791  2900
   28     4 84182613 72852 38809  2992
   29     4 84174357 70468 44040  3081
   30     4 84166803 68144 48886  3174
