% Date | Month | Succeptible | Active Cases | Recovered | Death
    1     3 67885967    28     8     0
    2     3 67885964    31     8     0
    3     3 67885952    43     8     0
    4     3 67885916    79     8     0
    5     3 67885876    97    18     1
    6     3 67885828   145    18     1
    7     3 67885783   190    18     1
    8     3 67885713   258    18     2
    9     3 67885669   300    18     3
   10     3 67885603   358    18     7
   11     3 67885526   435    18     7
   12     3 67885394   563    18     9
   13     3 67885185   770    18    10
   14     3 67884825  1094    18    28
   15     3 67884557  1328    20    43
   16     3 67884351  1426    52    65
   17     3 67883915  1804    65    81
   18     3 67883205  2446    65   115
   19     3 67882519  3046    65   158
   20     3 67881769  3724    65   194
   21     3 67880650  4675    93   250
   22     3 67879950  5305    93   285
   23     3 67878867  6156   135   359
   24     3 67877291  7434   135   508
   25     3 67875653  8700   135   694
   26     3 67873341 10646   135   877
   27     3 67870172 13247   135  1161
   28     3 67867332 15499   135  1455
   29     3 67864685 17718   135  1669
   30     3 67861692 19963   135  2043
   31     3 67858301 22590   135  2425
    1     4 67853307 26244   135  3095
    2     4 67848411 29836   135  3747
    3     4 67843247 33572   135  4461
    4     4 67838752 36547   135  5221
    5     4 67832205 41806   135  5865
    6     4 67827835 45040   135  6433
    7     4 67823163 47636   135  7471
    8     4 67816638 52093   135  8505
    9     4 67811191 55334   135  9608
   10     4 67801149 62654   344 10760
   11     4 67795077 67048   344 11599
   12     4 67789103 71650   344 12285
   13     4 67784017 75248   344 13029
   14     4 67777721 79456   344 14073
   15     4 67772276 83217   344 14915
   16     4 67766630 86805   344 15944
   17     4 67760096 91469   344 16879
   18     4 67753456 95879   344 17994
   19     4 67747108 101231   344 18492
   20     4 67741873 105348   344 19051
   21     4 67736400 108477   344 20223
   22     4 67731112 112091   344 21060
   23     4 67725802 115947   344 21787
   24     4 67719411 120328   344 22792
   25     4 67713655 124398   344 23635
   26     4 67708772 128441   344 24055
   27     4 67704125 132412   344 24393
   28     4 67699220 135499   344 25302
   29     4 67694349 138780   344 26097
   30     4 67687643 144138   344 26771
