% Date | Month | Succeptible | Active Cases | Recovered | Death
    1     3 331002566    65     9     1
    2     3 331002536    85     9     6
    3     3 331002509   106     9     9
    4     3 331002473   138     9    11
    5     3 331002409   200     9    12
    6     3 331002302   289    15    15
    7     3 331002182   401    15    19
    8     3 331002073   504    15    22
    9     3 331001906   663    15    26
   10     3 331001612   949    15    30
   11     3 331001297  1248    15    38
   12     3 331000972  1581     8    41
   13     3 331000411  2126     9    48
   14     3 330999773  2664    49    58
   15     3 330998901  3484    60    73
   16     3 330997877  4434    75    95
   17     3 330996066  6129   107   121
   18     3 330993049  9032   114   171
   19     3 330988403 13548   111   239
   20     3 330982641 19092   150   309
   21     3 330977685 23870   174   374
   22     3 330968121 33150   181   509
   23     3 330957472 43199   301   689
   24     3 330945899 54044   397   957
   25     3 330932072 67231   414  1260
   26     3 330912765 82872  1893  1614
   27     3 330892765 100548  2559  2110
   28     3 330871841 118766  3268  2754
   29     3 330849824 137133  4596  3251
   30     3 330824860 158563  5548  4066
   31     3 330796845 180900  7302  5151
    1     4 330767027 204966  8935  6394
    2     4 330733881 232646 10486  7576
    3     4 330697954 262257 12381  8839
    4     4 330659350 292687 14923 10384
    5     4 330629036 313879 18075 11793
    6     4 330594158 342203 19847 13298
    7     4 330556025 371824 21875 15526
    8     4 330520500 400987 22891 17691
    9     4 330481406 429785 25928 19802
   10     4 330443695 460252 27314 22038
   11     4 330408194 485427 30453 24062
   12     4 330376520 509285 32634 25789
   13     4 330343495 530230 36948 27515
   14     4 330311797 553052 38820 30081
   15     4 330268764 571061 48701 32712
   16     4 330227784 590041 57508 34905
   17     4 330189871 616864 60510 37448
   18     4 330151150 636301 68269 39331
   19     4 330120549 657926 71187 40901
   20     4 330089264 682903 72389 42853
   21     4 330049963 695770 82923 45536
   22     4 330016322 722441 84050 47894
   23     4 329980221 750118 85922 50234
   24     4 329914796 762609 110432 52191
   25     4 329869582 788233 118162 54256
   26     4 329841298 812967 118781 55412
   27     4 329796510 814571 138990 56795
   28     4 329765383 834262 142238 59265
   29     4 329729391 855128 147411 61655
   30     4 329691448 878843 152324 63856
